Aydisp: 0.02548209669338781
Azdisp: 0.01188311793935995
Delta2: 1.979280761970393
Uiso_Ca: 0.01754762791861976
Uiso_O: 0.011928108310306421
Uiso_Ti: 0.0019452908549706903
a_var: 3.903730342687488
alpha_var: 8.67447091087243
beta_var: -9.24119318559996
rw: 0.22028979125896891
s1: 0.1820005617886296
