Aydisp: 0.02471322935922152
Azdisp: 0.011029981263007634
Delta2: 2.103599746996297
Uiso_Ca: 0.017675419943041473
Uiso_O: 0.012135541176664549
Uiso_Ti: 0.0021630483774801187
a_var: 3.903476906941001
alpha_var: 8.733860586175252
beta_var: -9.179245823964061
rw: 0.2243523800529407
s1: 0.18045330379696586
