Aydisp: 0.009355625106511774
Azdisp: 0.019927612069930784
Delta2: -70.22116528379432
Uiso_Ca: 0.0006822176945788186
Uiso_O: 1.997020381806468e-06
Uiso_Ti: 3.5709220941413803e-06
a_var: 3.900000214516612
alpha_var: 9.34619332693333
beta_var: -9.852110528921644
rw: 0.17043191884900158
s1: 0.9759058865289006
