Aydisp: 0.02159155720655173
Azdisp: 0.006914246873788835
Delta2: 2.4711334010736397
Uiso_Ca: 0.0037769477469780524
Uiso_O: 0.011341324665312492
Uiso_Ti: 0.004424915120178511
a_var: 3.9071594582379574
alpha_var: 7.623833844744942
beta_var: -9.813846479582883
rw: 0.24509899246100483
s1: 0.17149898305345834
