Aydisp: 0.020182118644350572
Azdisp: 0.013827360550081534
Delta2: 2.1261533211688577
Uiso_Ca: 0.0051834463197878424
Uiso_O: 0.010410564908694096
Uiso_Ti: 0.0026992686512726386
a_var: 3.9100320918218636
alpha_var: 6.721967176373881
beta_var: -10.235923590710126
rw: 0.14275073460650428
s1: 0.17858317964804982
