Aydisp: 0.020182119408332224
Azdisp: 0.013827360181236223
Delta2: 2.1261530749101203
Uiso_Ca: 0.0051834460044985625
Uiso_O: 0.01041056530116427
Uiso_Ti: 0.0026992687629459697
a_var: 3.910032095872798
alpha_var: 6.721967763478869
beta_var: -10.235923674639709
rw: 0.1427507346065599
s1: 0.17858317917015004
