Aydisp: 0.022033382270050698
Azdisp: 0.011663369964060531
Delta2: 2.0187555904452563
Uiso_Ca: 0.018179861696538166
Uiso_O: 0.010219152818069278
Uiso_Ti: 0.002347543954802668
a_var: 3.9060508932340388
alpha_var: 6.431925692055997
beta_var: -10.137949398169063
rw: 0.22276559237955232
s1: 0.18234507665123592
