Aydisp: 0.02575409535957721
Azdisp: 0.01074439553445543
Delta2: 2.0752050679392076
Uiso_Ca: 0.017633518513239764
Uiso_O: 0.011867399662599379
Uiso_Ti: 0.0022412330478635703
a_var: 3.902077294354577
alpha_var: 7.945983980919831
beta_var: -9.497118838616359
rw: 0.22489180605212628
s1: 0.18248807994052738
